-0.027157
-0.019575
-0.085629
-0.023735
-0.139867
-0.012254
-0.091688
-0.276844
-0.066730
-0.242719
-0.040528
-0.262033
-0.110447
-0.039546
-0.070230
-0.085443
-0.164275
-0.094586
-0.293540
-0.210685
-0.065330
-0.163007
-0.009226
-0.339095
-0.199784
-0.154637
-0.212261
-0.215256
-0.338366
-0.141883
-0.238156
-0.042019
-0.361365
-0.048559
-0.020484
-0.123473
-0.011905
-0.320815
-0.063963
-0.029591
-0.061990
-0.262875
-0.215479
-0.214927
-0.231745
-0.082221
-0.066985
-0.184965
-0.294358
-0.222678
-0.265689
-0.338459
-0.349306
-0.189584
-0.078843
-0.094230
-0.080291
-0.385457
-0.033515
-0.045029
-0.272095
-0.060492
-0.103163
-1.182846
-0.020932
-0.221177
-0.271196
-0.211774
-0.033092
-0.027137
-0.020561
-0.350191
-0.165702
-0.024880
-0.222701
-0.188385
-0.197548
-0.287680
-0.038560
-0.199650
-0.008351
-0.135768
-0.100256
-0.053320
-0.287429
-0.275448
-0.015047
-0.128232
-0.085374
-0.009357
-0.285233
-0.052607
-0.239988
-0.005053
-0.207404
-0.031465
-0.114602
-0.236282
-0.022704
-0.350657
-0.167619
-0.168894
-0.128520
-0.274351
-0.053442
-0.006264
-0.089289
-0.021495
-0.276538
-0.013613
-0.212379
-0.142605
-0.282640
-0.121080
-0.413624
-0.111560
-0.015148
-0.074381
-0.114207
-0.139017
-0.022528
-0.219980
-0.217968
-0.313866
-0.044611
-0.113390
-0.484013
-0.551846
-0.018989
-0.032709
-0.126355
-0.034900
-0.033573
-0.334799
-0.095866
-0.180837
-0.194557
-0.092650
-0.057631
-0.052382
-0.070512
-0.028636
-0.085882
-0.076772
-0.063059
-0.260156
-0.083225
-0.020436
-0.082835
-0.000441
-0.049579
-0.284430
-0.159421
-0.169865
-0.156064
-0.049025
-0.054390
-0.247243
-0.026937
-0.235318
-0.078276
-0.002956
-0.019838
-0.030086
-0.203797
-0.103927
-0.044239
-0.120815
-0.148400
-0.161063
-0.058681
-0.092516
-0.109783
-0.018562
-0.056291
-0.020577
-0.072148
-0.012949
-0.232741
-0.166463
-0.189654
-0.029737
-0.161608
-0.229804
-0.243113
-0.084097
-0.272742
-0.144430
-0.228040
-0.624106
-0.879712
-1.150427
-0.155982
-0.057231
-0.052818
-0.097876
-0.160930
-0.025386
-0.145854
-0.095322
-0.128764
-0.152490
-0.024017
-0.201546
-0.085366
-0.052369
-0.026893
-0.043720
-0.090640
-0.005747
-0.024624
-0.011487
-0.094711
-0.007227
-0.065628
-0.059341
-0.098661
-0.217842
-0.076652
-0.029926
-0.239339
-0.040193
-0.152299
-0.231360
-0.058170
-0.127625
-0.200653
-0.066169
-0.187777
-0.170948
-0.134958
-0.196926
-0.035031
-0.106054
-0.304959
-0.215581
-0.068544
-0.016015
-0.024353
-0.043235
-0.157968
-0.114493
-0.148674
-0.166032
-0.063231
-0.389739
-0.175074
-0.236769
-0.159855
-0.284422
-0.062209
-0.206298
-0.789107
-1.160000
-0.567350
-0.890474
-0.087890
-0.062801
-0.127120
-0.088013
-0.161076
-0.043413
-0.077187
-0.048734
-0.051328
-0.100695
-0.191811
-0.063084
-0.154004
-0.010772
-0.059285
-0.017145
-0.032282
-0.115146
-0.097771
-0.013824
-0.048855
-0.037013
-0.000618
-0.065744
-0.178321
-0.198085
-0.137927
-0.324542
-0.045495
-0.100376
-0.241517
-0.031229
-0.151871
-0.072257
-0.215184
-0.038272
-0.104770
-0.137829
-0.027930
-0.058660
-0.053782
-0.147591
-0.086844
-0.202485
-0.118723
-0.102301
-0.069496
-0.205429
-0.106191
-0.091793
-0.232393
-0.016888
-0.178599
-0.254603
-0.195907
-0.219128
-0.350448
-0.341471
-0.199309
-0.705176
-0.827204
-0.626310
-0.645456
-1.198763
-0.026430
-0.095024
-0.041568
-0.084994
-0.341583
-0.340973
-0.070438
-0.079228
-0.002113
-0.046872
-0.133783
-0.251630
-0.241847
-0.168953
-0.198952
-0.218125
-0.269911
-0.323732
-0.149254
-0.327634
-0.072075
-0.013645
-0.227244
-0.186786
-0.303885
-0.052300
-0.021681
-0.087021
-0.050596
-0.048836
-0.072010
-0.060575
-0.044142
-0.042572
-0.152805
-0.116603
-0.198420
-0.143434
-0.083050
-0.068368
-0.126353
-0.105453
-0.215725
-0.351004
-0.411631
-0.069239
-0.234301
-0.029819
-0.171242
-0.155827
-0.125497
-0.172132
-0.024898
-0.113716
-0.170725
-0.172975
-0.186973
-0.113277
-0.529312
-0.618815
-0.466923
-0.491851
-0.761805
-0.523863
-0.030169
-0.087599
-0.098570
-0.020465
-0.107197
-0.056142
-0.180042
-0.185565
-0.136700
-0.165950
-0.189868
-0.096512
-0.153474
-0.101046
-0.048873
-0.035246
-0.064120
-0.178889
-0.169817
-0.034961
-0.103621
-0.109808
-0.002953
-0.014132
-0.001821
-0.082917
-0.122453
-0.209366
-0.053014
-0.196131
-0.104598
-0.129568
-0.011308
-0.109726
-0.125599
-0.077191
-0.194179
-0.027368
-0.014165
-0.079520
-0.205664
-0.048604
-0.023811
-0.062696
-0.011353
-0.047282
-0.131487
-0.067415
-0.235122
-0.045603
-0.283318
-0.076429
-0.021953
-0.014222
-0.073127
-0.197011
-0.236427
-0.922172
-0.926736
-0.510996
-0.632029
-0.949030
-0.500016
-1.022000
-0.052865
-0.147148
-0.162814
-0.051022
-0.001861
-0.120989
-0.076387
-0.154944
-0.143807
-0.206636
-0.163452
-0.198088
-0.074242
-0.202175
-0.081536
-0.068712
-0.199113
-0.027011
-0.229705
-0.076798
-0.030291
-0.036696
-0.031257
-0.069435
-0.030939
-0.142110
-0.089714
-0.045957
-0.202095
-0.028573
-0.019665
-0.185095
-0.028020
-0.118613
-0.048984
-0.024687
-0.161817
-0.157205
-0.045837
-0.020780
-0.135544
-0.058417
-0.119966
-0.044391
-0.029358
-0.000736
-0.163948
-0.137102
-0.247462
-0.015220
-0.085969
-0.058483
-0.047041
-0.034983
-0.130332
-0.212022
-0.813308
-0.596892
-1.359772
-0.955841
-0.529721
-0.503333
-0.530400
-0.509295
-0.264914
-0.127719
-0.087836
-0.287989
-0.140341
-0.177106
-0.270804
-0.098905
-0.056965
-0.064065
-0.233067
-0.344658
-0.167100
-0.182649
-0.126915
-0.400940
-0.310578
-0.421742
-0.013991
-0.301659
-0.230171
-0.322632
-0.390797
-0.158831
-0.321239
-0.119906
-0.404861
-0.202930
-0.040499
-0.255824
-0.295360
-0.308447
-0.115755
-0.109289
-0.378928
-0.415487
-0.433268
-0.277307
-0.296755
-0.414034
-0.095284
-0.268786
-0.175778
-0.308688
-0.601838
-0.250912
-0.309599
-0.210099
-0.304101
-0.677444
-0.103109
-0.060513
-0.393696
-0.219021
-0.255833
-0.788964
-1.467043
-0.733620
-0.670779
-0.899162
-0.573740
-0.711514
-0.817500
-1.145975
-0.124759
-0.099629
-0.353462
-0.012035
-0.281427
-0.124521
-0.157346
-0.022750
-0.099745
-0.199801
-0.207595
-0.123225
-0.230964
-0.095044
-0.010066
-0.094936
-0.013912
-0.059700
-0.052708
-0.017424
-0.070581
-0.207699
-0.125840
-0.225618
-0.051348
-0.083210
-0.053696
-0.055187
-0.058075
-0.001647
-0.230657
-0.058437
-0.122791
-0.131612
-0.076362
-0.208539
-0.103034
-0.005273
-0.061078
-0.263291
-0.151871
-0.288282
-0.102398
-0.213276
-0.080808
-0.021692
-0.086376
-0.148486
-0.312182
-0.195386
-0.124952
-0.005746
-0.035749
-0.005330
-0.914711
-0.975524
-0.810234
-0.737097
-0.900468
-1.299147
-0.497329
-0.729507
-0.687735
-0.773080
-0.057036
-0.119229
-0.001689
-0.069593
-0.201045
-0.160393
-0.015160
-0.114013
-0.048899
-0.074867
-0.001599
-0.233900
-0.046858
-0.097996
-0.172158
-0.079686
-0.117972
-0.021822
-0.161791
-0.199184
-0.152601
-0.115678
-0.002455
-0.062325
-0.001313
-0.090807
-0.206600
-0.196107
-0.301041
-0.112875
-0.055297
-0.096439
-0.031515
-0.040013
-0.111458
-0.116330
-0.016132
-0.171884
-0.192126
-0.114415
-0.025089
-0.165814
-0.043653
-0.163045
-0.194758
-0.067388
-0.019857
-0.006624
-0.189409
-0.161974
-0.072312
-0.126219
-0.087138
-0.791106
-0.744252
-1.009099
-0.815924
-0.822599
-1.063398
-0.670961
-0.660069
-0.672745
-0.646950
-0.779457
-0.196988
-0.006277
-0.002226
-0.223602
-0.153013
-0.100300
-0.237145
-0.210838
-0.194242
-0.235222
-0.017681
-0.169270
-0.091604
-0.270154
-0.016359
-0.360997
-0.176940
-0.263131
-0.066128
-0.001596
-0.258894
-0.293149
-0.067613
-0.018681
-0.029752
-0.168649
-0.313337
-0.082167
-0.288590
-0.222593
-0.311060
-0.005215
-0.082493
-0.171462
-0.244484
-0.040983
-0.058007
-0.413338
-0.289939
-0.007446
-0.059596
-0.005817
-0.092875
-0.165639
-0.220472
-0.294082
-0.200430
-0.031193
-0.143388
-0.030200
-0.075876
-0.231372
-1.178475
-1.159253
-0.696460
-0.741798
-0.799875
-0.544860
-0.710174
-0.711999
-0.916474
-1.157156
-0.676817
-1.192009
-0.012856
-0.248932
-0.299577
-0.225593
-0.057774
-0.083640
-0.299235
-0.141797
-0.045972
-0.009520
-0.028335
-0.373039
-0.202865
-0.021705
-0.027698
-0.085103
-0.187818
-0.270269
-0.208889
-0.162107
-0.149667
-0.008399
-0.116815
-0.141669
-0.166073
-0.137944
-0.156921
-0.004405
-0.200133
-0.039295
-0.202440
-0.028122
-0.340522
-0.242592
-0.063046
-0.081091
-0.152318
-0.081660
-0.125966
-0.037499
-0.112047
-0.056340
-0.046492
-0.068035
-0.003742
-0.243914
-0.268062
-0.056706
-0.078555
-0.006794
-0.155150
-0.901369
-1.127185
-0.554354
-0.877193
-0.658583
-0.533121
-0.672648
-0.914775
-0.712485
-0.509588
-0.552807
-0.597122
-0.721426
-0.233065
-0.000300
-0.111397
-0.074579
-0.115910
-0.170717
-0.233018
-0.194077
-0.174877
-0.217667
-0.038134
-0.292118
-0.112748
-0.109607
-0.126052
-0.125397
-0.136785
-0.135029
-0.059970
-0.201918
-0.152870
-0.144982
-0.112451
-0.016827
-0.209929
-0.150461
-0.128892
-0.040847
-0.140878
-0.111148
-0.066221
-0.135903
-0.181877
-0.319371
-0.269415
-0.242238
-0.165179
-0.072722
-0.133917
-0.232867
-0.156325
-0.129348
-0.084789
-0.207729
-0.007616
-0.059071
-0.180341
-0.097213
-0.297234
-0.241873
-0.682760
-0.935046
-0.538992
-0.500407
-0.947918
-0.586292
-1.097659
-0.876542
-0.802999
-1.106363
-0.644132
-0.562979
-1.127517
-0.813993
-0.034843
-0.288444
-0.176906
-0.035628
-0.066523
-0.355909
-0.220100
-0.079787
-0.126022
-0.005794
-0.115778
-0.029830
-0.254431
-0.107339
-0.024225
-0.229254
-0.030459
-0.165419
-0.285749
-0.164671
-0.143507
-0.272449
-0.086059
-0.036291
-0.173114
-0.306823
-0.095946
-0.108589
-0.058178
-0.083980
-0.016998
-0.076171
-0.151204
-0.069174
-0.186837
-0.099670
-0.012691
-0.056984
-0.027534
-0.179475
-0.209988
-0.168327
-0.025853
-0.295826
-0.242146
-0.018467
-0.139851
-0.027503
-0.048594
-0.810229
-1.103150
-0.809351
-1.119092
-0.904197
-0.589630
-0.731729
-0.785248
-1.128690
-0.944456
-0.752267
-1.035201
-1.379830
-0.640416
-0.904268
-0.146793
-0.091308
-0.057967
-0.360006
-0.137649
-0.147687
-0.024289
-0.002609
-0.361563
-0.174997
-0.296568
-0.185126
-0.091451
-0.182438
-0.111145
-0.153130
-0.213759
-0.009009
-0.057438
-0.146216
-0.184537
-0.467067
-0.230728
-0.605675
-0.037123
-0.385811
-0.211467
-0.229582
-0.212712
-0.377601
-0.259005
-0.037614
-0.052950
-0.007740
-0.111632
-0.182372
-0.002893
-0.187251
-0.368008
-0.013544
-0.222987
-0.181682
-0.131074
-0.286060
-0.383561
-0.074671
-0.120629
-0.174526
-0.681423
-0.659203
-0.462869
-0.552219
-0.846350
-0.765948
-0.782612
-0.773949
-0.614954
-0.813054
-0.773965
-0.809521
-0.903346
-0.649673
-1.265926
-0.948254
-0.036302
-0.037939
-0.070014
-0.158297
-0.012808
-0.045679
-0.019319
-0.129503
-0.035627
-0.049570
-0.071686
-0.046966
-0.095376
-0.124317
-0.043073
-0.213078
-0.111335
-0.021015
-0.153442
-0.203300
-0.038774
-0.032147
-0.033617
-0.134298
-0.121466
-0.200301
-0.132342
-0.053008
-0.120940
-0.039970
-0.000739
-0.149567
-0.139617
-0.008017
-0.046241
-0.055713
-0.041917
-0.000601
-0.170780
-0.100971
-0.026575
-0.147300
-0.134408
-0.201529
-0.053279
-0.006691
-0.054197
-0.780515
-0.855008
-0.751339
-0.624673
-0.842394
-1.024712
-0.858837
-0.846218
-0.643178
-0.589565
-0.593309
-0.609612
-0.619383
-0.564441
-0.835445
-0.669795
-0.585236
-0.102990
-0.128382
-0.092779
-0.074339
-0.106948
-0.203385
-0.042555
-0.139157
-0.032777
-0.055304
-0.271010
-0.125740
-0.075099
-0.177139
-0.085986
-0.075729
-0.109834
-0.062608
-0.008871
-0.176013
-0.084694
-0.020426
-0.177180
-0.039265
-0.150889
-0.015344
-0.001460
-0.113791
-0.109654
-0.123237
-0.156232
-0.171115
-0.177249
-0.039832
-0.311141
-0.128543
-0.081302
-0.218473
-0.109533
-0.014471
-0.005663
-0.173856
-0.008660
-0.335042
-0.089791
-0.175282
-0.961439
-0.981243
-0.881029
-0.769742
-0.856738
-0.962634
-0.666301
-1.002815
-0.713889
-0.875696
-0.915604
-1.211338
-0.940830
-0.795739
-0.656831
-0.849437
-0.673398
-0.796427
-0.087626
-0.310165
-0.018127
-0.130115
-0.233011
-0.233994
-0.104593
-0.287172
-0.069337
-0.206698
-0.240914
-0.138101
-0.014157
-0.235426
-0.304797
-0.317160
-0.038144
-0.471030
-0.312566
-0.067561
-0.219161
-0.235547
-0.020753
-0.063542
-0.161290
-0.059162
-0.123781
-0.086938
-0.040568
-0.303509
-0.310885
-0.344207
-0.066827
-0.065785
-0.178033
-0.089781
-0.006010
-0.002245
-0.132283
-0.167278
-0.104366
-0.070157
-0.222451
-0.062376
-0.059239
-1.211320
-0.895970
-0.755766
-0.665848
-0.834462
-0.736625
-0.783447
-0.951033
-0.878191
-0.817800
-0.662269
-1.109741
-1.409670
-0.884927
-0.933572
-1.301710
-0.758864
-0.713772
-1.008272
-0.004280
-0.274152
-0.278985
-0.228047
-0.273188
-0.141787
-0.402071
-0.007763
-0.376794
-0.188379
-0.103157
-0.298445
-0.049201
-0.167828
-0.015202
-0.212315
-0.088509
-0.094664
-0.102926
-0.323905
-0.055746
-0.269016
-0.254767
-0.265272
-0.083091
-0.552302
-0.272040
-0.059456
-0.118814
-0.314680
-0.300043
-0.100717
-0.244088
-0.337268
-0.380266
-0.173255
-0.068628
-0.126180
-0.242952
-0.167701
-0.391944
-0.176843
-0.033003
-0.261485
-0.870360
-0.939326
-1.143572
-0.952739
-0.872333
-1.067989
-0.626202
-0.692505
-1.149713
-0.859972
-0.900175
-1.020091
-0.966669
-0.953793
-0.983002
-1.115253
-0.705291
-0.687978
-1.345300
-0.814459
-0.050801
-0.106984
-0.004190
-0.255358
-0.010984
-0.043990
-0.095711
-0.086037
-0.041711
-0.088556
-0.138380
-0.047884
-0.217620
-0.001979
-0.124966
-0.265743
-0.065874
-0.160711
-0.081500
-0.293339
-0.087290
-0.040409
-0.156812
-0.099380
-0.129088
-0.064589
-0.014114
-0.102727
-0.250692
-0.135295
-0.148055
-0.155662
-0.151422
-0.037127
-0.006295
-0.141622
-0.070721
-0.438949
-0.084910
-0.002360
-0.066231
-0.027164
-0.075419
-0.876861
-0.875256
-0.611773
-0.574853
-0.744709
-0.710834
-0.639277
-0.919874
-0.699888
-0.730928
-0.530140
-0.989877
-0.754227
-0.915649
-0.817681
-0.801558
-0.531117
-0.641617
-0.747435
-1.074657
-0.767462
-0.481447
-0.386612
-0.263720
-0.583623
-0.224211
-0.021533
-0.339900
-0.078249
-0.204931
-0.192140
-0.042288
-0.301524
-0.077606
-0.021890
-0.037535
-0.119410
-0.144099
-0.274372
-0.258631
-0.425230
-0.081701
-0.309732
-0.157147
-0.515431
-0.130958
-0.588218
-0.099223
-0.440617
-0.505708
-0.388868
-0.322927
-0.285173
-0.254163
-0.061422
-0.139029
-0.024542
-0.140501
-0.261335
-0.232802
-0.034399
-0.179366
-0.095018
-0.626909
-0.869403
-0.724184
-0.722951
-0.705420
-0.757953
-0.649001
-0.676120
-0.777044
-0.881091
-0.767618
-0.561950
-0.550424
-0.699642
-0.651788
-0.641541
-0.580450
-0.719524
-0.840325
-0.799030
-0.712524
-1.139989
-0.580937
-0.226981
-0.565354
-0.359500
-0.002109
-0.398119
-0.181304
-0.402913
-0.088707
-0.108773
-0.115096
-0.192329
-0.233302
-0.058605
-0.276010
-0.287367
-0.025761
-0.080158
-0.066750
-0.115844
-0.473746
-0.238996
-0.453755
-0.203743
-0.402777
-0.474077
-0.353600
-0.634002
-0.230322
-0.592111
-0.472802
-0.306483
-0.156112
-0.245703
-0.195167
-0.212247
-0.302645
-0.116170
-0.314952
-0.093333
-0.144520
-0.607219
-1.037339
-0.632131
-0.598093
-0.924229
-1.133926
-0.629208
-0.616264
-0.640414
-0.617512
-0.648231
-0.699254
-0.597197
-0.860039
-0.825183
-0.749554
-0.645818
-0.907603
-0.950652
-0.796127
-0.648803
-0.956160
-1.544699
-0.016600
-0.359624
-0.255061
-0.071040
-0.537028
-0.061796
-0.301211
-0.119533
-0.082201
-0.192221
-0.171762
-0.204602
-0.032144
-0.188948
-0.287208
-0.000967
-0.079073
-0.106804
-0.032523
-0.289810
-0.070339
-0.493342
-0.099394
-0.333472
-0.301666
-0.260609
-0.562160
-0.171884
-0.520943
-0.276514
-0.220304
-0.141294
-0.204550
-0.107684
-0.059217
-0.351458
-0.142298
-0.284363
-0.037217
-0.035508
-1.115878
-0.612539
-0.481580
-0.512138
-0.549786
-0.523210
-0.925228
-1.074433
-1.007729
-0.531713
-0.612793
-0.592109
-1.027208
-0.585838
-0.648369
-1.012599
-0.728747
-0.556186
-0.949900
-1.058533
-0.930635
-0.831919
-0.804974
-0.550701
-0.441744
-0.075239
-0.149191
-0.044218
-0.188686
-0.335712
-0.204366
-0.071449
-0.290743
-0.238877
-0.198977
-0.461300
-0.240912
-0.009243
-0.239286
-0.212578
-0.158229
-0.103677
-0.352780
-0.409021
-0.284554
-0.063408
-0.120219
-0.248515
-0.191064
-0.188734
-0.123946
-0.335402
-0.321700
-0.135417
-0.006051
-0.014578
-0.132892
-0.364689
-0.134372
-0.049977
-0.020746
-0.001681
-0.092013
-1.004243
-0.842352
-0.490552
-0.455243
-0.603895
-0.842731
-0.815053
-0.800429
-0.895280
-0.614370
-0.672692
-0.931221
-0.847700
-0.991725
-0.728270
-0.750365
-0.557257
-0.640705
-0.924756
-0.782258
-0.567450
-1.670557
-1.285358
-0.995218
-0.959557
-0.149750
-0.067908
-0.297133
-0.196072
-0.426063
-0.263007
-0.005653
-0.164243
-0.114682
-0.122039
-0.071550
-0.091010
-0.132323
-0.227739
-0.075261
-0.274562
-0.081590
-0.403151
-0.310339
-0.399557
-0.113316
-0.487943
-0.405306
-0.429189
-0.577109
-0.320252
-0.471455
-0.490148
-0.265807
-0.006413
-0.022648
-0.087831
-0.279666
-0.191912
-0.112793
-0.167070
-0.161245
-0.157102
-0.661329
-0.613399
-1.168452
-0.748199
-0.780815
-0.569998
-0.462776
-0.765183
-1.439289
-0.552005
-0.625399
-0.516522
-0.587214
-0.575472
-0.527113
-1.031824
-0.560132
-0.575551
-0.873047
-1.268964
-0.662203
-0.797246
-0.901955
-0.742933
-0.588453
-0.653679
-0.089854
-0.424161
-0.465784
-0.052311
-0.408057
-0.266148
-0.067584
-0.355147
-0.167537
-0.258822
-0.109767
-0.027369
-0.334469
-0.086127
-0.344216
-0.112776
-0.346838
-0.490890
-0.514976
-0.193292
-0.266688
-0.377394
-0.166750
-0.510775
-0.029132
-0.144307
-0.554939
-0.577810
-0.099202
-0.196862
-0.285953
-0.360842
-0.060316
-0.130194
-0.527714
-0.363794
-0.024810
-1.109868
-1.032879
-0.839906
-0.773885
-0.794271
-0.595865
-0.777601
-0.922919
-0.623458
-0.848097
-1.010033
-1.060060
-0.784004
-0.762659
-0.972274
-0.919214
-0.663495
-0.742559
-1.019873
-0.733272
-0.832678
-0.699586
-0.576695
-0.659333
-0.756906
-0.773411
-0.687800
-0.224885
-0.096032
-0.195969
-0.113249
-0.103606
-0.228748
-0.151019
-0.150298
-0.122246
-0.111663
-0.019651
-0.104021
-0.035905
-0.058449
-0.043499
-0.205551
-0.163579
-0.146000
-0.106607
-0.094148
-0.006372
-0.115475
-0.128901
-0.002426
-0.074301
-0.144859
-0.056772
-0.049801
-0.166477
-0.046895
-0.223547
-0.178770
-0.157210
-0.075006
-0.021506
-0.036213
-0.940421
-1.108218
-0.897073
-0.819364
-0.876300
-0.925759
-0.744334
-0.714319
-0.850896
-0.754526
-0.604589
-0.822740
-0.696557
-0.653671
-0.703513
-0.709351
-0.619324
-1.122481
-0.996503
-1.094075
-0.714381
-0.944517
-1.087005
-1.354437
-0.608483
-0.841038
-1.078850
-0.933034
-0.171094
-0.267666
-0.587013
-0.162798
-0.007970
-0.022697
-0.187684
-0.050904
-0.139085
-0.237656
-0.111072
-0.135527
-0.247139
-0.013030
-0.136208
-0.179176
-0.478006
-0.217376
-0.361645
-0.376729
-0.234795
-0.477616
-0.003903
-0.402776
-0.424903
-0.398307
-0.027462
-0.036634
-0.211791
-0.266805
-0.338388
-0.058155
-0.341741
-0.070876
-0.049868
-0.996336
-0.609397
-0.834414
-0.967216
-0.732413
-0.659354
-0.718083
-0.674514
-0.861809
-0.589164
-0.692658
-0.809950
-0.798028
-0.586869
-0.598189
-0.861798
-0.598725
-0.719542
-0.896640
-0.728406
-0.667481
-0.607990
-0.824445
-0.632430
-0.747167
-1.032652
-1.016490
-0.683334
-0.769683
-0.123299
-0.296402
-0.000609
-0.126699
-0.078284
-0.052605
-0.077032
-0.066342
-0.237528
-0.028894
-0.185160
-0.111974
-0.087306
-0.310369
-0.446271
-0.265879
-0.120704
-0.053202
-0.378376
-0.288447
-0.463977
-0.068938
-0.157055
-0.317104
-0.283199
-0.073964
-0.048160
-0.028338
-0.164260
-0.088661
-0.095560
-0.225416
-0.080679
-0.126307
-1.006421
-1.109720
-0.622334
-0.660631
-0.908251
-1.069680
-0.549412
-0.738146
-0.966319
-0.795976
-0.976774
-0.764418
-0.965651
-0.881064
-0.847763
-0.775712
-0.721370
-0.629149
-0.982143
-0.796196
-0.831428
-0.964404
-1.157004
-0.999141
-1.091763
-1.335119
-0.581703
-1.017069
-0.795922
-0.747438
-0.092158
-0.213073
-0.127765
-0.029476
-0.482846
-0.159840
-0.302764
-0.290445
-0.161823
-0.121347
-0.195326
-0.276659
-0.293773
-0.202186
-0.218841
-0.243599
-0.187354
-0.406583
-0.290383
-0.384588
-0.008459
-0.459081
-0.361081
-0.138330
-0.181692
-0.286974
-0.224483
-0.422322
-0.067178
-0.294613
-0.176595
-0.178204
-0.115613
-0.764091
-0.574694
-0.796075
-0.831109
-0.963841
-0.776565
-0.477665
-0.520689
-1.031129
-0.812874
-0.819788
-0.567187
-0.800500
-0.621666
-0.569871
-0.730532
-0.571642
-0.701501
-0.823597
-1.073342
-0.965117
-0.804460
-0.715342
-0.733940
-0.635230
-0.989968
-1.291703
-0.758372
-1.386787
-0.873814
-0.693210
-0.195229
-0.427909
-0.146341
-0.256344
-0.106760
-0.101717
-0.272108
-0.168978
-0.017640
-0.251941
-0.103769
-0.139355
-0.372580
-0.420411
-0.220301
-0.301551
-0.419231
-0.090891
-0.340037
-0.065587
-0.180868
-0.356559
-0.449338
-0.310144
-0.096904
-0.318350
-0.399523
-0.117942
-0.028892
-0.236560
-0.313092
-0.016699
-0.809456
-0.992830
-0.857359
-0.797107
-1.287906
-0.682765
-0.656466
-0.703980
-0.770274
-0.744612
-0.770403
-0.883849
-0.816368
-0.682000
-0.892973
-0.857361
-0.825021
-0.662068
-0.971118
-0.723892
-0.663774
-0.711639
-0.560956
-0.685937
-0.600089
-0.654987
-1.166699
-0.858117
-0.817712
-0.551439
-0.917282
-0.824029
-0.021115
-0.482974
-0.354162
-0.240747
-0.385286
-0.034953
-0.103772
-0.128293
-0.260122
-0.222313
-0.130130
-0.238856
-0.010182
-0.159510
-0.077223
-0.161149
-0.126207
-0.143994
-0.065361
-0.111763
-0.281581
-0.024927
-0.133605
-0.078474
-0.373203
-0.191165
-0.001928
-0.311744
-0.440125
-0.288611
-0.204469
-1.384597
-0.974868
-0.667304
-0.782000
-0.802376
-0.680635
-0.575906
-0.960784
-0.850400
-0.842528
-0.652238
-1.030268
-0.853753
-1.075488
-0.849642
-0.726012
-0.681151
-0.686062
-1.184593
-0.895061
-0.946684
-1.043214
-0.606289
-0.742931
-1.072195
-0.794776
-0.676015
-1.051842
-0.773847
-0.694055
-0.860467
-0.983384
-0.723242
-0.160528
-0.485473
-0.507237
-0.069421
-0.166328
-0.022533
-0.441117
-0.230683
-0.199363
-0.081637
-0.219743
-0.131379
-0.054081
-0.156872
-0.174683
-0.194470
-0.075873
-0.035348
-0.175827
-0.115620
-0.118025
-0.142674
-0.156867
-0.241391
-0.446209
-0.201414
-0.071825
-0.077784
-0.056617
-0.133680
-0.822985
-0.863597
-0.868415
-0.709956
-0.757059
-0.633334
-0.804284
-0.935417
-0.714331
-0.619843
-0.667805
-0.678484
-0.658722
-0.790748
-0.820635
-0.672909
-0.612458
-0.663165
-1.011507
-0.650124
-0.748400
-0.707820
-0.655861
-0.708262
-0.735341
-0.747720
-1.278680
-0.889383
-0.566670
-0.580581
-0.717891
-0.766714
-1.172862
-0.892858
-0.100762
-0.403685
-0.352352
-0.005018
-0.103826
-0.110305
-0.045069
-0.295468
-0.206821
-0.119894
-0.240863
-0.034325
-0.081835
-0.108763
-0.135605
-0.272248
-0.082170
-0.074792
-0.281593
-0.136882
-0.065647
-0.084612
-0.487325
-0.092206
-0.045231
-0.017873
-0.394555
-0.328948
-0.183803
-0.775852
-1.096501
-0.654158
-0.891543
-0.898081
-0.596370
-0.626235
-0.666994
-1.292621
-0.765437
-0.614767
-0.600977
-0.796517
-0.690535
-0.684406
-0.854424
-0.747283
-0.603662
-0.746347
-0.811066
-0.775910
-0.623547
-0.675248
-0.734597
-0.738304
-0.875039
-0.997587
-1.106810
-0.796253
-0.597330
-1.118632
-0.826539
-1.264316
-1.217881
-0.836794
-0.252464
-0.357822
-0.501225
-0.166972
-0.387063
-0.302686
-0.401926
-0.173446
-0.347557
-0.318146
-0.303379
-0.143294
-0.360121
-0.015375
-0.282317
-0.089471
-0.419109
-0.344043
-0.044754
-0.149001
-0.206701
-0.476971
-0.424502
-0.019529
-0.179400
-0.329738
-0.177406
-0.149573
-0.762606
-0.780824
-0.714254
-0.774997
-0.920109
-0.777614
-0.917822
-1.019617
-0.764494
-0.728587
-0.815101
-0.596200
-0.699487
-0.655829
-0.852540
-0.845264
-0.881813
-0.668213
-1.647237
-0.758571
-1.172939
-0.673104
-0.702076
-0.590362
-1.269516
-0.711297
-0.842790
-0.852846
-0.830435
-0.715859
-0.776303
-1.013772
-0.859530
-1.243226
-1.114572
-0.877641
-0.314481
-0.149908
-0.207756
-0.419853
-0.078219
-0.100397
-0.041990
-0.007942
-0.098207
-0.041954
-0.122715
-0.087571
-0.097790
-0.137525
-0.031018
-0.241534
-0.079786
-0.005151
-0.074811
-0.114162
-0.189230
-0.182130
-0.225039
-0.134341
-0.189080
-0.186026
-0.229490
-0.778366
-1.164425
-0.658572
-0.954568
-0.869071
-0.604032
-0.695042
-0.747648
-0.731913
-0.763868
-0.750715
-0.849038
-0.925731
-0.656791
-0.860425
-1.460855
-0.714507
-0.776274
-1.058078
-0.700780
-0.747088
-0.771353
-0.990007
-0.965710
-0.742242
-0.656371
-0.673096
-0.808514
-0.800583
-0.731783
-0.965477
-0.641597
-1.020144
-0.778087
-1.080946
-1.038806
-1.028091
-0.300658
-0.514438
-0.034598
-0.442745
-0.463241
-0.026083
-0.094501
-0.068894
-0.318135
-0.004029
-0.350033
-0.034009
-0.201846
-0.084316
-0.237537
-0.178360
-0.101453
-0.077294
-0.325747
-0.472810
-0.084640
-0.241856
-0.379817
-0.328361
-0.105933
-0.087205
-1.319679
-1.106490
-0.601383
-0.888636
-0.751041
-0.592583
-0.679211
-0.807270
-0.891447
-0.762586
-0.986009
-1.213263
-1.060296
-1.199318
-0.715724
-0.997616
-0.656366
-0.650566
-0.936943
-1.016355
-0.927101
-0.852487
-0.819337
-0.861252
-0.632360
-0.731670
-0.518944
-0.821648
-0.844555
-0.878516
-1.021611
-0.839716
-0.753136
-0.978243
-0.715435
-1.224069
-0.813328
-1.018160
-0.124783
-0.337952
-0.243596
-0.591476
-0.066128
-0.204472
-0.139012
-0.485159
-0.447695
-0.342060
-0.155863
-0.165555
-0.055277
-0.230880
-0.148983
-0.065327
-0.172025
-0.223807
-0.465243
-0.151279
-0.240162
-0.066182
-0.036496
-0.078700
-0.251813
-0.577401
-0.817846
-1.187507
-1.042984
-0.885571
-0.563897
-0.645370
-0.788766
-1.253132
-0.769000
-1.010246
-0.688447
-0.834246
-0.636626
-0.750652
-1.666998
-0.717257
-0.659136
-1.000141
-1.002703
-0.855458
-0.914202
-0.821075
-0.693544
-0.802020
-0.760260
-1.258203
-0.866091
-0.841649
-0.763775
-0.720112
-0.844266
-0.646399
-0.673065
-0.714377
-0.934536
-1.018245
-1.492988
-0.685428
-0.041905
-0.551419
-0.230782
-0.239447
-0.130330
-0.420041
-0.185442
-0.166810
-0.169984
-0.124674
-0.012701
-0.073458
-0.064173
-0.177730
-0.467319
-0.088145
-0.401686
-0.194132
-0.052312
-0.322570
-0.477018
-0.052105
-0.076175
-0.180301
-0.544133
-0.713019
-0.671357
-0.756234
-0.635359
-0.675248
-0.667027
-0.516762
-1.051518
-0.855895
-0.581777
-0.907992
-0.527861
-0.579755
-1.015553
-0.692093
-0.627942
-0.669832
-0.976014
-0.606635
-1.149183
-0.874380
-0.661433
-0.655834
-0.823307
-0.626979
-0.553955
-0.547049
-0.643624
-0.796224
-0.618072
-0.482700
-0.569369
-1.009437
-0.561524
-0.927900
-1.065916
-0.699192
-0.881893
-0.715323
-0.246917
-0.265307
-0.022082
-0.221456
-0.053878
-0.066230
-0.019250
-0.134054
-0.307802
-0.225327
-0.077920
-0.020945
-0.139927
-0.038847
-0.139661
-0.299026
-0.156161
-0.249378
-0.107999
-0.014091
-0.009594
-0.116807
-0.024241
-0.714285
-1.024630
-0.461580
-0.694364
-0.785592
-0.694924
-0.825811
-0.685221
-0.606637
-0.583780
-0.618254
-0.962657
-1.045326
-0.729452
-0.728181
-1.183420
-0.757526
-0.542089
-0.693229
-1.039473
-0.699948
-1.073498
-0.559878
-0.713622
-0.656434
-0.912285
-0.969304
-0.761197
-0.830963
-0.636533
-0.818035
-0.867656
-0.883214
-0.884456
-0.577519
-0.850079
-0.636628
-1.150239
-0.951927
-1.173401
-0.727894
-0.284630
-0.101041
-0.058844
-0.340879
-0.080766
-0.236481
-0.090266
-0.140275
-0.088711
-0.128954
-0.132451
-0.038038
-0.340290
-0.150265
-0.445904
-0.290623
-0.010367
-0.006915
-0.417930
-0.016275
-0.012879
-0.153006
-0.992014
-0.768696
-0.643903
-0.656144
-0.779707
-0.975071
-0.604870
-0.583995
-0.641044
-0.737053
-0.751897
-0.899170
-0.563788
-0.699075
-0.635826
-0.762826
-0.684842
-0.705107
-0.663696
-0.783739
-0.629103
-0.587125
-0.573294
-0.601992
-0.585672
-0.572045
-0.620428
-0.663541
-0.705807
-0.600528
-0.875491
-0.723493
-0.949686
-0.725486
-0.879156
-0.995476
-0.796754
-0.964975
-1.457484
-0.727335
-0.839899
-0.746381
-0.059287
-0.240929
-0.003190
-0.365236
-0.198020
-0.318539
-0.298057
-0.043089
-0.139108
-0.008313
-0.065678
-0.044160
-0.203744
-0.121377
-0.618736
-0.164606
-0.152047
-0.260429
-0.045090
-0.350023
-0.237896
-0.781450
-0.633468
-0.892587
-1.044485
-0.580090
-0.568469
-0.920778
-0.661615
-0.905395
-0.810773
-0.536564
-0.693699
-0.829763
-0.555255
-0.550910
-0.885807
-0.615032
-0.541353
-0.786332
-0.797338
-0.819319
-0.860992
-1.169218
-0.800423
-0.883391
-1.022244
-0.912564
-0.855889
-0.749896
-1.231389
-0.790305
-0.859352
-0.615558
-0.825847
-0.760652
-0.755209
-0.699000
-0.665651
-0.536563
-1.007497
-0.524637
-0.756539
-0.511638
-0.321244
-0.525224
-0.025677
-0.204473
-0.336731
-0.207785
-0.404808
-0.244069
-0.354692
-0.560952
-0.371786
-0.051986
-0.026655
-0.105045
-0.302539
-0.117326
-0.206034
-0.136794
-0.185573
-0.156936
-0.885032
-0.764148
-0.704423
-0.541923
-0.733167
-0.585017
-0.639383
-0.863855
-1.083690
-0.588235
-0.576488
-0.755638
-0.636414
-0.584815
-0.759463
-0.772742
-0.597149
-0.553789
-0.697511
-0.652011
-0.734675
-0.733001
-0.722887
-0.583472
-1.010035
-0.881439
-1.150323
-0.778927
-0.746706
-1.125121
-0.772956
-0.999814
-1.050474
-0.862832
-0.789079
-0.948058
-0.609607
-0.655526
-0.810476
-0.689087
-0.779138
-0.586294
-0.860234
-0.897732
-0.264226
-0.383060
-0.316022
-0.478230
-0.046638
-0.426596
-0.107462
-0.185527
-0.413952
-0.290720
-0.195649
-0.053363
-0.337469
-0.286142
-0.148332
-0.123941
-0.257405
-0.211945
-0.095817
-0.881579
-0.825549
-0.503061
-0.664496
-0.762984
-0.730852
-0.542348
-0.776027
-1.128459
-0.997321
-0.793910
-0.671702
-1.118112
-0.692322
-0.571503
-1.137703
-0.611085
-0.614955
-0.820727
-1.384117
-0.858240
-1.106235
-0.980449
-1.028051
-0.823625
-1.131914
-1.223946
-0.929016
-0.975073
-0.840607
-0.834324
-1.079576
-0.534634
-0.720683
-0.999801
-1.150157
-0.671507
-0.584058
-0.704224
-1.156060
-0.513601
-0.914603
-0.494637
-1.258121
-0.840118
-0.094652
-0.379049
-0.265066
-0.323456
-0.547215
-0.329465
-0.412574
-0.534792
-0.542059
-0.088661
-0.072396
-0.200340
-0.325179
-0.027477
-0.361038
-0.149752
-0.205776
-0.061112
-0.700787
-0.993932
-0.590281
-1.038159
-0.980830
-0.768610
-0.608755
-0.617433
-0.752514
-0.681144
-0.751409
-0.926315
-0.978277
-0.903509
-0.714432
-1.032324
-0.567391
-0.650616
-0.780403
-1.057813
-0.752222
-0.770393
-0.664909
-0.636498
-0.560291
-0.666953
-0.685456
-0.719099
-0.763576
-0.626494
-0.865480
-0.804688
-0.875290
-0.664959
-0.550978
-0.845753
-0.700596
-0.920043
-1.206402
-0.734500
-0.554968
-0.655931
-0.914843
-0.544541
-1.039687
-0.921710
-0.363047
-0.312266
-0.126403
-0.154911
-0.068743
-0.161688
-0.162897
-0.019820
-0.355519
-0.115629
-0.363729
-0.265875
-0.277619
-0.297097
-0.225071
-0.117394
-0.319677
-0.993551
-0.963708
-0.779269
-1.148721
-0.955916
-0.686672
-0.915864
-0.969086
-0.985662
-0.715459
-0.664933
-0.755721
-0.810636
-1.212217
-0.928027
-0.831804
-0.694729
-0.749479
-0.910058
-0.870915
-0.693320
-1.360901
-1.001203
-0.958064
-0.687464
-1.292034
-0.798508
-0.970373
-1.181725
-0.647856
-0.927506
-0.874007
-0.791229
-0.984224
-0.828234
-0.967476
-0.937231
-0.837863
-1.555401
-0.865392
-0.561629
-0.859508
-0.984451
-0.776123
-1.045321
-0.998397
-1.070455
-0.300460
-0.167975
-0.418423
-0.164657
-0.234755
-0.355234
-0.245060
-0.196258
-0.084516
-0.356067
-0.152625
-0.361161
-0.062168
-0.015561
-0.172620
-0.238363
-0.685443
-0.710645
-0.661794
-0.780309
-1.013434
-0.874482
-0.669129
-0.734330
-0.963957
-0.690644
-0.780862
-0.660221
-0.561461
-0.763974
-0.618925
-0.666173
-0.692204
-0.768939
-1.051259
-0.674440
-0.840276
-0.634237
-1.311402
-0.889816
-0.764586
-1.000111
-0.924315
-0.589420
-1.154845
-1.036400
-0.961918
-1.446279
-0.726748
-0.679181
-0.633722
-0.810112
-1.079664
-0.926958
-0.815656
-0.845553
-0.627837
-0.608569
-0.884019
-1.081900
-1.049911
-0.782010
-0.901242
-0.826379
-0.156428
-0.523482
-0.103315
-0.380213
-0.512693
-0.194810
-0.153736
-0.358511
-0.352999
-0.339668
-0.251714
-0.197309
-0.417391
-0.239418
-0.147980
-1.066016
-0.831295
-0.582352
-0.556648
-0.680497
-0.887256
-0.581347
-0.708848
-0.620224
-0.855284
-0.923319
-1.075003
-0.723478
-0.828784
-0.707629
-0.558122
-0.644416
-0.728777
-1.027031
-0.951643
-0.956691
-1.187164
-1.062445
-0.785135
-0.779023
-1.162947
-0.643786
-0.781929
-0.713333
-0.977536
-1.127871
-0.566978
-0.693615
-0.803379
-0.673015
-0.497771
-0.699237
-0.603186
-0.828611
-0.735610
-0.847696
-0.653183
-0.800848
-0.704328
-0.539619
-0.852130
-0.601736
-0.800526
-0.676164
-0.461954
-0.167119
-0.246775
-0.260336
-0.016236
-0.015956
-0.015331
-0.032854
-0.086317
-0.134862
-0.009305
-0.202579
-0.047149
-0.124927
-0.961444
-0.950570
-0.463711
-0.549006
-0.776264
-1.093042
-0.581825
-0.639499
-0.801085
-0.724696
-0.589903
-0.851368
-0.601870
-0.745635
-0.650768
-0.653039
-0.459129
-0.725678
-1.036259
-0.865896
-0.696609
-1.208257
-1.280722
-1.229769
-0.631517
-1.574248
-1.200914
-0.696178
-1.178052
-1.187824
-1.018118
-1.071153
-0.836066
-0.675060
-0.956774
-0.988089
-0.710287
-0.797283
-0.706030
-0.486536
-0.814150
-0.629985
-0.547776
-0.915545
-1.099874
-1.099905
-0.654069
-0.994186
-1.158535
-1.055236
-0.240557
-0.509508
-0.490738
-0.305441
-0.035221
-0.054447
-0.269139
-0.192440
-0.301246
-0.080642
-0.378520
-0.212622
-0.020273
-0.998460
-0.833075
-0.756737
-0.828503
-0.665185
-0.606802
-0.466102
-0.548848
-0.777559
-1.159364
-0.603313
-0.584378
-0.713751
-0.568719
-0.555333
-0.793147
-0.607463
-0.631201
-0.722656
-0.692074
-0.813002
-0.926972
-0.824564
-0.710074
-0.640545
-0.841318
-0.579775
-0.632435
-0.751844
-0.658091
-0.661999
-0.726843
-0.627971
-0.788113
-0.709506
-0.697472
-0.636799
-0.727933
-0.714999
-0.757928
-0.596703
-0.641017
-0.678033
-0.986374
-0.639087
-0.903392
-0.567195
-0.791771
-0.734746
-0.666565
-0.818457
-0.322999
-0.293549
-0.090951
-0.037017
-0.137619
-0.059342
-0.305089
-0.008588
-0.269668
-0.013515
-0.020037
-0.016451
-1.353408
-1.391823
-0.487478
-0.681738
-1.084319
-0.947324
-0.594473
-0.761334
-0.820192
-0.694827
-0.846105
-0.661776
-0.707927
-0.807048
-0.683533
-0.648350
-0.629950
-1.086278
-0.865874
-0.894846
-0.878622
-1.018738
-1.263682
-1.350339
-0.985972
-1.153018
-0.765004
-0.862423
-1.370163
-0.683078
-1.184484
-0.695422
-0.861176
-1.080770
-0.764114
-1.109471
-0.979192
-0.972414
-1.004795
-0.546871
-0.523358
-0.881294
-0.707976
-0.841612
-0.794753
-1.075755
-0.809845
-0.995403
-0.915424
-0.788628
-1.257316
-1.102054
-0.547312
-0.251792
-0.070503
-0.305958
-0.250587
-0.437081
-0.164659
-0.117314
-0.296174
-0.054736
-0.045329
-1.070264
-0.675431
-0.776032
-0.568682
-0.706867
-0.669502
-0.665062
-0.446830
-1.513385
-0.895966
-0.662501
-0.531854
-0.597716
-0.664262
-0.507148
-0.696584
-0.518105
-0.677871
-0.742275
-0.963602
-0.768403
-0.799014
-1.059291
-0.765132
-0.898268
-1.166820
-1.414829
-0.769281
-1.101222
-0.913855
-0.823110
-1.262710
-0.889031
-0.690214
-0.929768
-0.958458
-0.621681
-0.708409
-0.628561
-0.687525
-0.670958
-0.563232
-0.571931
-1.407658
-1.055863
-1.477403
-0.639838
-0.893186
-1.170037
-0.740178
-1.121968
-0.954240
-1.405112
-0.487897
-0.183644
-0.161840
-0.413510
-0.620564
-0.059170
-0.035492
-0.496718
-0.308996
-0.217058
-0.811948
-0.705113
-0.779040
-0.793051
-0.817035
-1.106933
-0.639869
-0.843024
-0.814142
-0.624138
-0.948195
-0.788894
-0.620306
-0.626692
-0.692312
-1.058377
-0.512562
-0.634999
-0.794899
-1.021511
-0.824052
-0.803277
-0.807226
-0.794499
-0.654141
-0.836910
-1.397788
-0.746995
-0.983499
-0.869647
-0.829602
-1.130161
-0.641889
-0.728063
-0.826662
-0.582435
-0.642214
-0.664555
-0.627590
-1.185856
-0.561607
-0.955834
-0.602358
-1.143246
-0.904839
-1.469206
-0.592884
-0.811013
-0.748482
-0.604354
-0.848509
-0.628009
-0.981077
-1.434606
-0.075401
-0.191928
-0.155079
-0.303379
-0.134823
-0.366481
-0.165205
-0.225315
-0.043622
-0.663278
-0.652749
-0.663541
-0.585761
-0.922450
-0.903170
-0.823206
-0.710490
-0.960528
-0.549944
-0.796437
-0.713156
-0.498514
-0.690967
-0.841266
-0.505981
-0.716156
-0.770796
-0.519875
-0.670618
-0.583926
-0.542239
-0.602270
-0.739518
-0.447203
-0.515285
-0.672891
-0.590810
-0.571136
-0.652581
-0.746919
-1.177422
-0.769579
-0.625930
-0.612350
-0.634312
-0.769517
-0.669238
-0.744339
-0.592543
-0.655699
-0.611698
-0.941223
-0.503720
-0.820527
-0.601127
-1.106558
-0.834769
-0.823290
-0.507510
-0.592794
-0.561241
-0.702240
-0.769508
-0.594510
-0.159685
-0.333228
-0.283816
-0.069697
-0.383976
-0.096945
-0.366676
-0.420178
-0.522328
-0.651995
-0.728857
-0.826445
-0.842142
-0.840856
-0.652928
-0.850541
-0.871597
-0.794481
-0.691497
-0.887388
-0.647193
-0.525726
-0.777187
-0.930423
-0.898220
-0.697924
-0.728466
-0.830957
-0.936319
-0.730352
-1.017314
-0.989219
-0.543956
-0.522560
-1.016051
-0.778758
-0.807662
-0.753495
-0.886717
-0.936415
-0.639917
-0.679310
-0.654670
-0.720244
-0.855475
-0.990176
-0.723739
-1.383691
-0.908074
-1.191767
-0.649919
-0.637583
-0.569955
-0.627646
-0.711474
-0.674423
-1.266380
-0.515241
-0.555337
-0.776658
-0.839777
-0.664244
-0.821695
-0.817832
-0.153010
-0.137638
-0.235289
-0.366215
-0.119178
-0.087516
-0.148491
-0.835744
-0.909756
-0.871448
-1.125777
-0.788819
-0.884764
-1.053719
-0.780004
-1.094850
-0.795114
-0.560439
-0.959613
-0.591781
-0.887753
-0.796547
-0.928188
-0.631815
-0.691786
-0.894035
-0.706953
-0.794809
-0.665254
-0.708605
-0.739929
-0.683728
-0.759254
-1.048547
-0.864500
-0.819841
-0.714323
-0.886073
-1.143054
-1.077675
-0.914459
-1.645348
-1.232979
-0.880106
-1.178244
-1.231966
-0.824023
-0.758970
-0.768616
-1.525261
-0.719499
-1.194755
-0.906935
-0.847755
-1.328033
-0.881031
-0.592935
-0.920630
-0.666322
-0.914709
-1.306085
-0.944120
-1.089111
-0.698083
-0.396705
-0.276496
-0.289755
-0.309033
-0.383075
-0.331536
-1.233345
-0.722196
-0.982632
-0.724591
-0.938788
-0.501268
-0.566970
-0.790860
-1.769302
-0.919987
-0.545713
-0.786757
-0.974286
-0.566050
-0.994651
-0.865737
-0.710985
-0.650041
-0.886797
-1.138212
-1.278461
-0.699423
-0.675149
-0.636413
-1.179422
-0.760670
-1.358552
-0.856176
-0.999097
-0.712977
-1.002947
-1.138003
-0.833819
-1.275193
-0.862837
-1.094317
-0.748407
-0.643865
-0.808780
-0.606946
-0.786184
-0.526711
-0.647652
-0.832586
-0.930703
-0.927138
-0.741317
-0.785554
-0.893898
-0.618031
-0.752356
-1.025796
-1.312405
-1.694042
-1.026186
-0.805650
-0.688198
-1.219295
-0.140299
-0.107097
-0.389309
-0.323790
-0.278392
-0.680507
-0.949911
-0.905552
-0.916727
-0.907390
-0.651043
-0.506024
-0.625761
-0.749231
-1.013553
-0.841869
-0.614938
-0.931428
-0.603545
-0.890867
-1.124697
-0.959399
-0.701858
-0.827424
-0.789868
-0.698107
-0.795225
-0.908782
-0.961772
-0.650260
-0.692530
-0.659514
-0.925443
-1.002283
-0.587607
-0.700377
-0.727481
-0.632683
-0.872429
-0.599872
-0.669400
-0.966362
-0.926428
-0.880839
-1.246587
-0.557592
-0.526927
-0.691746
-0.681791
-0.691915
-0.631788
-0.788794
-1.014632
-0.975311
-0.672687
-0.791757
-0.561536
-0.781884
-0.547507
-0.749066
-0.701953
-1.056119
-0.890209
-0.689861
-0.220597
-0.158930
-0.004547
-0.199373
-0.532084
-0.772960
-0.624970
-0.710546
-0.928608
-0.690822
-0.628005
-0.578604
-0.545792
-0.697036
-0.673154
-0.793509
-0.715458
-0.768410
-0.733682
-1.138877
-0.908700
-0.528235
-0.600824
-1.090794
-0.577965
-0.715756
-0.698723
-0.710870
-0.497023
-0.548372
-0.648896
-0.684158
-0.578993
-0.713774
-0.767255
-0.513246
-0.862196
-0.632499
-0.502782
-0.653986
-0.676790
-0.997428
-0.594017
-1.250303
-0.484583
-1.014884
-0.729615
-0.780073
-0.677811
-0.973151
-0.877220
-0.700802
-0.839054
-0.508367
-0.548825
-0.814202
-0.612202
-0.490908
-0.939468
-1.029406
-1.234960
-0.890276
-0.590425
-1.023026
-0.246730
-0.174341
-0.295691
-1.129588
-1.191218
-1.083917
-1.009432
-1.336860
-0.726284
-0.696856
-0.795008
-1.105118
-0.814585
-0.661584
-0.606449
-0.703906
-0.700179
-0.788190
-0.734917
-0.626814
-1.191469
-0.959422
-0.886586
-0.720357
-0.733526
-0.998104
-0.922083
-0.578402
-0.687540
-1.517137
-0.807155
-1.328086
-0.756731
-0.762911
-0.982084
-1.283160
-0.743256
-1.260604
-1.079020
-0.935891
-1.076813
-0.701999
-0.801060
-0.527462
-0.554066
-0.605975
-0.691703
-0.828411
-0.641718
-0.766107
-0.737074
-1.215676
-0.770256
-1.160782
-0.689923
-1.061828
-1.158469
-0.709540
-0.684149
-0.806500
-1.100858
-1.319912
-0.881316
-0.921865
-0.264319
-0.207493
-0.703931
-0.759452
-0.770542
-0.657723
-1.137131
-0.903413
-0.726235
-0.727770
-0.869138
-0.624080
-0.774712
-0.612466
-0.638720
-0.947380
-0.614313
-0.754163
-0.563591
-0.752130
-0.877366
-0.858471
-0.784509
-0.982857
-0.638245
-0.681256
-0.479976
-0.906026
-1.380380
-0.711654
-0.713750
-0.629675
-0.835479
-1.454934
-1.073205
-0.646012
-1.035124
-0.758297
-0.979925
-0.655644
-0.745481
-0.686939
-0.677842
-0.680044
-1.116926
-0.757934
-0.823074
-0.873916
-0.695509
-0.809704
-0.891765
-0.538888
-0.767519
-0.572033
-0.686165
-1.025895
-0.879175
-1.113800
-0.837626
-1.219244
-1.083547
-0.600126
-0.656562
-1.046216
-0.401321
-0.529380
-0.566920
-0.892854
-0.741784
-0.668340
-0.582904
-0.986660
-0.786663
-1.010714
-0.456944
-0.550583
-0.938984
-0.673721
-0.982949
-0.671390
-0.680939
-0.560575
-0.619900
-0.575662
-0.928261
-0.553071
-0.525027
-0.661970
-0.520601
-0.736682
-0.647309
-0.518417
-0.510154
-0.545455
-0.675582
-0.594206
-0.492612
-0.749361
-0.649308
-0.665294
-0.579286
-0.807309
-0.535747
-0.838167
-0.731185
-0.484438
-0.628400
-0.743644
-0.624297
-0.598879
-0.508494
-0.911182
-0.849799
-0.671381
-0.653865
-0.453154
-0.498716
-0.493954
-0.720673
-0.517723
-1.172736
-0.698716
-0.995034
-0.906022
-0.683888
-1.082892
-0.897156
-0.991524
9.591062
10.067595
7.832665
9.728249
10.400187
12.412787
9.084737
10.941025
19.605522
14.155857
13.830416
16.589066
17.050484
16.686556
17.438936
22.329403
16.226915
17.472429
22.527992
26.194412
23.335373
25.682909
27.038065
26.330032
25.480934
29.290079
29.042757
25.932255
31.650251
27.472178
33.883575
31.919851
31.188412
33.469307
31.017290
35.922558
34.615551
36.719135
38.574276
38.704285
32.092197
36.276936
35.291168
38.051262
38.375278
43.502132
39.448578
46.524227
44.185352
40.115162
45.910229
38.139015
49.413212
48.062016
46.157360
40.159512
45.238533
53.651066
52.893211
46.882095
44.962120
54.729702
50.806927
43.729435
